year,p1,p2,p3,p4,p5,p6,p7,p8,p9,p10,p11,p12,p13,p14,p15,p16,p17,p18,p19,p20
1997,0.04806143267067387,0.07730067981552129,0.04016050325870986,0.006401253306507497,0.02969019870103364,0.06106239023685847,0.06804044204546462,0.0753823206015484,0.06010482405225553,0.0525410999184415,0.04899641094190792,0.05059934607990797,0.04647947202365923,0.06035006425454642,0.033767317064119826,0.06876244856207764,0.04470228726824196,0.036174543260291014,0.07353898552840793,0.01788398040982542
1998,0.08470572958424288,0.08401317815196979,0.06266311602892582,0.038456279247755354,0.05448825466217951,0.04704824545439342,0.04353039897455169,0.024139942608735,0.0629661072805453,0.06828025903784538,0.07742016721575633,0.005328907824749073,0.04186296335281462,0.012638079901154023,0.056753802884516064,0.03839036881314982,0.06603340183427756,0.03943116343721933,0.050446075918983285,0.04140355778623574
1999,0.04550578541663688,0.07770087839792185,0.09087299797969578,0.017846203928650377,0.05278855872134649,0.05886156901862925,0.021493089503766213,0.03138235219720457,0.03380407778116267,0.09705818630130357,0.02400939655921405,0.07553320304552338,0.038464964713412646,0.011650017761520519,0.03383267217952003,0.07012116326411656,0.08651565158385473,0.05456691034226395,0.00854862532429897,0.06944369597995753
2000,0.07419323573782374,0.08281396172031048,0.08384533050154652,0.011012153085046312,0.008108728814273554,0.01253128871583525,0.07195667197626693,0.008445846291286356,0.0381764472874685,0.04788648411755286,0.041033517905152,0.09778724516025722,0.025871659376501228,0.08909172123755826,0.03723883930452664,0.06123212223879716,0.021743023775210066,0.01411784784202675,0.07063980683168568,0.10227406808087448
2001,0.051384327827694184,0.08591449903076245,0.014360840722541448,0.021910143530382738,0.007805916683716462,0.0576843718681837,0.06079061348055109,0.06089204531662338,0.04043835891958623,0.06246033755127943,0.06941145260792521,0.0230163574007095,0.04574575806859913,0.018947813753810196,0.04719267887547638,0.0703841579076953,0.08445544108110732,0.07208595871290803,0.058707359616605,0.046411567043842826
2002,0.039649286819510146,0.027031084467660792,0.08102330865932986,0.0697877944716357,0.06637756172623627,0.06760330070951266,0.08310629724468889,0.04180648507191514,0.07772311093748134,0.008588702729721568,0.03434201614870594,0.08057890364173279,0.027958278813395954,0.07420028421449494,0.06613531407748854,0.07222477169865076,0.0068938221731661255,0.026768365186624517,0.023832391922576288,0.024368919285471795
2003,0.09207921085401609,0.014624165176336286,0.0590160955681146,0.0746070416012024,0.03232543877926882,0.004386558289775527,0.08630123864476877,0.08505005238786971,0.021839964686329483,0.04624550308648986,0.09397327181749864,0.03484657414932666,0.03972392925810679,0.06979091265495403,0.07548395825165731,0.013358166138179549,0.08483477330025804,0.012098092212525885,0.018897158809802903,0.040517894333518656
2004,0.06564567602497358,0.09978717156800758,0.05808201503301734,0.025262927773360224,0.023923373191333402,0.05296384488600926,0.06455902934803343,0.02294281923728977,0.05028580736562124,0.023652247343931176,0.023703686239881006,0.08226365434776552,0.07518223300533892,0.05730400173177616,0.051439967593495554,0.07538263037081014,0.026715004940277298,0.017225600281199297,0.010161325237422653,0.09351698448045644
2005,0.009106836405819286,0.05193527748046186,0.06692298952982892,0.006724987094163771,0.022371444915499163,0.08892968262605365,0.05941368636525809,0.05907185610839707,0.06266555845895345,0.05523000292997363,0.003301701577202812,0.04295999091110221,0.08920075501633411,0.055391450456537726,0.05193527748046186,0.0820601900297183,0.061315179455901904,0.04599859281538575,0.013216772205512735,0.07224776813743371
2006,0.0063330195212853305,0.026482608930689697,0.030237133791029734,0.09912618814239248,0.026795740995923162,0.07654294040189022,0.033558169635981426,0.045758080490240376,0.04642718353516922,0.021346019091876212,0.05841799968788791,0.04524401351669749,0.05667894375556523,0.10193621693626284,0.09201696829002354,0.029886262682103634,0.040874444241582916,0.06435220931501595,0.05403211082631166,0.04395374621207099
2007,0.026417299482560816,0.014516393378651536,0.06543888676432713,0.06833631205563057,0.06484281711685697,0.007957676128337405,0.009466873746400168,0.046966581077178826,0.05148051603437107,0.05668124809765006,0.02937423418220415,0.08334731641835309,0.00689040903450375,0.0655335164792283,0.0747272322857076,0.08020795123740547,0.07805000351203066,0.04239118558350438,0.03548321639572,0.09189033098937806
2008,0.06276193015195948,0.10580111970141295,0.007876566249000266,0.10078512396694216,0.05173553719008264,0.12098906958144495,0.015398560383897628,0.08987203412423354,0.0487110103972274,0.03012929885363903,0.005551852839242868,0.01945881098373767,0.013131165022660624,0.0013623033857637964,0.05159690749133564,0.11536656891495602,0.0442535323913623,0.037589976006398296,0.06370967741935483,0.013918954945347907
2009,0.057507366082210305,0.08122373569047964,0.012772303530889243,0.004908708882770613,0.007308119596193788,0.11402936772448437,0.038802347485871615,0.04462275998647539,0.09108945563444912,0.021620055064483407,0.04879969086605806,0.03722407380572864,0.10023064290199488,0.07360527459788437,0.0002608317635125344,0.048026856011206105,0.014309520359368208,0.08643191807950538,0.011853354586291841,0.10537361735014249
2010,0.04018977836535405,0.07297346479256146,0.10205958637261543,0.07746469609371404,0.06009940562713901,0.09634058376140896,0.06822023586363846,0.009722414061489418,0.0006084045331070726,0.044764322719688845,0.07725750968514243,0.0007103534008169064,0.1066779797023093,0.009344216649017453,0.04454946274042941,0.06270951588538755,0.009522901223605657,0.07617005509623753,0.009950428733356574,0.030664684692980438
2011,0.03350080744308095,0.04937194216097865,0.0027174140752472308,0.0545122840284287,0.024448346986244138,0.11925497364587187,0.11065501650200574,0.06573029605448236,0.029304976459053837,0.11491429371774567,0.040361380159046535,0.010140623185647265,0.05988127174978722,0.11846488849624051,0.03272748167541147,0.03452432684146702,0.03577768919247312,0.007115554741528432,0.01623505272621275,0.040361380159046535
2012,0.030537791380850082,0.03139213067796938,0.08403307131751654,0.04414915824077991,0.032042792537479874,0.08792413983147306,0.05579195040961284,0.0695351085527013,0.024306736377804138,0.054949592138235234,0.09061341930180111,0.03658820938040586,0.08163317969971863,0.03592188002569469,0.034686912756935404,0.03722596859680991,0.01859916003793377,0.06812964207146405,0.041299517348986084,0.04063963931582813
2013,0.024275611245368277,0.030322072026030978,0.039988587894102055,0.06733320238445464,0.08284620054198615,0.0812650372715468,0.0849437527163745,0.024773335490138396,0.011025480814952348,0.06929121401164852,0.01241644232042598,0.07324901055086519,0.038571851383095684,0.00607223578619544,0.014188696149125294,0.07857021600343429,0.06339940326418225,0.0719140430229282,0.0771090398277163,0.04844456729542867
2014,0.10669386705640359,0.019553381328714228,0.08964287647504601,0.002625311248240771,0.025287791851611275,0.058456028292014,0.031079715636389883,0.038962415647215906,0.039571379596550105,0.0641160098877702,0.09715455956118509,0.021217882790227707,0.019398884919346108,0.05659079426942369,0.028142028436361013,0.04652033488506369,0.04112310995633503,0.087691936415142,0.09849766338277219,0.027674028364187506
2015,0.0034700884841263797,0.0057925229296060315,0.09970400959021447,0.0454314501026107,0.05309986572447748,0.09181962634471146,0.04649772503669885,0.007487920941243243,0.055300231513119254,0.08058200666265336,0.003907240340665452,0.020892520112637026,0.054173443911538825,0.05785011012262162,0.06476524736639482,0.001983354843152209,0.061503823252931474,0.10017559106791295,0.071316265283361,0.07424695636932342
2016,0.08986150600336841,0.09300240859124577,0.08562836161466161,0.07805737155689164,0.04056914286749126,0.053482496966623806,0.08041842481754469,0.02458732501494051,0.007500814936887665,0.059633006754921315,0.0610636737354896,0.0041369365616907225,0.02807231206649885,0.0716114471468154,0.03603605642985205,0.0183666401057607,0.02728340788496713,0.043620628769083104,0.09154004962060161,0.005527988554664155
2017,0.08260813619014908,0.02686193036688947,0.09418596050753161,0.08156150168241684,0.04283805129420967,0.0880034205596303,0.07621991685689476,0.06107867185829805,0.08949484940317516,0.015023713921252152,0.05266810743556308,0.05169746284852777,0.010860479466003629,0.04884632102397938,0.041683004499616504,0.04515118448022388,0.0469222562319334,0.012473492182663559,0.010614272122945613,0.021207267068096086
